simple_rnn/simple_rnn_cell/kernel:0
(5, 3)
[[ 0.06645176 -2.1043139   1.8370265 ]
 [-2.5618534   1.0372669   1.085663  ]
 [ 1.4625953   1.9621834   1.8522218 ]
 [ 0.45230526  0.80745745 -1.267291  ]
 [-1.9447206  -2.1390803  -1.405446  ]]
simple_rnn/simple_rnn_cell/recurrent_kernel:0
(3, 3)
[[-0.87483037 -0.18346582 -0.44834363]
 [-0.311412    0.9219252   0.23038337]
 [ 0.37107185  0.34116596 -0.86366165]]
simple_rnn/simple_rnn_cell/bias:0
(3,)
[ 0.5690936  0.3391489 -0.2433424]
dense/kernel:0
(3, 5)
[[-1.8691958   0.73454255 -2.105775    2.1691582   1.2987525 ]
 [-1.8359069  -2.2348392   1.0776535   1.759793    1.5372554 ]
 [-2.0739233   2.0273306   1.3114284   2.474176   -2.294705  ]]
dense/bias:0
(5,)
[ 0.07764784  0.341752    0.44886166 -1.1139479  -0.02294283]
